image_width: 1920
image_height: 1440
camera_name: narrow_stereo
camera_matrix:
  rows: 3
  cols: 3
  data: [1101.218350, 0.000000, 958.260974, 0.000000, 1106.949096, 726.492834, 0.000000, 0.000000, 1.000000]
distortion_model: plumb_bob
distortion_coefficients:
  rows: 1
  cols: 5
  data: [-0.028252, 0.049526, 0.002324, 0.000394, 0.000000]
rectification_matrix:
  rows: 3
  cols: 3
  data: [1.000000, 0.000000, 0.000000, 0.000000, 1.000000, 0.000000, 0.000000, 0.000000, 1.000000]
projection_matrix:
  rows: 3
  cols: 4
  data: [1136.267578, 0.000000, 959.386241, 0.000000, 0.000000, 1140.906616, 730.597555, 0.000000, 0.000000, 0.000000, 1.000000, 0.000000]
